Problem 1(d):

[7615, 4371, 2655, 4670, 9370, 299, 3747, 4369, 1421, 2930, 8469, 3822, 2436, 34, 7175, 1151, 4756, 7813, 2515, 4217, 3870, 1943, 8527, 1835, 3777, 7525, 6941, 5438, 7986, 245, 845, 3219, 2419, 9156, 6910, 2432, 4359, 1735, 9191, 8683, 2331, 4521, 4713, 9628, 6172, 9063, 3775, 8943, 8493, 8335, 5489, 688, 5706, 302, 1706, 2646, 2409, 5631, 7882, 626, 9002, 7089, 4784, 1064, 3887, 4909, 3712, 307, 9847, 2679, 6493, 5237, 7242, 5604, 6499, 1600, 7572, 631, 4962, 5615]

Problem 2(c):
[7615, 4371, 2655, 4670, 9370, 299, 3747, 4369, 1421, 2930, 8469, 3822, 2436, 34, 7175, 1151, 4756, 7813, 2515, 4217, 3870, 1943, 8527, 1835, 3777, 7525, 6941, 5438, 7986, 245, 845, 3219, 2419, 9156, 6910, 2432, 4359, 1735, 9191, 8683, 2331, 4521, 4713, 9628, 6172, 9063, 3775, 8943, 8493, 8335, 5489, 688, 5706, 302, 1706, 2646, 2409, 5631, 7882, 626, 9002, 7089, 4784, 1064, 3887, 4909, 3712, 307, 9847, 2679, 6493, 5237, 7242, 5604, 6499, 1600, 7572, 631, 4962, 5615]

Problem 3(d):
[9, 2, 2, 2, 9, 6, 1, 6, 8, 6, 10, 5, 8, 6, 6, 1, 7, 6, 6, 10, 10, 2, 1, 3, 2, 1, 4, 7, 7, 1]

Problem 4(d):
[98, 81, 79, 95, 98, 87, 85, 87, 87, 85, 80, 96, 77, 91, 79]